((("menu-bar-open" .
   [0 0 0 0 0 0 0 0 1 0 0 0 0])
  ("f10" .
   [1 0 0])
  (">" .
   [1])
  ("Exception" .
   [0 0 1 0 0 0 0 0 0])
  ("Btc" .
   [1 0 0])
  ("--" .
   [1 0])
  ("append_info" .
   [0 0 0 1 0 0 1 0 0 0 0])
  ("d" .
   [2])
  ("orderStatus" .
   [0 0 0 0 0 0 1 0 0 0 0])
  ("length" .
   [2 0 0 1 0 0])
  ("le" .
   [3 0])
  ("len" .
   [2 0 0])
  ("ls" .
   [7 0])
  ("is" .
   [1 0])
  ("http" .
   [1 0 0 0])
  ("decompress" .
   [0 0 0 0 0 0 1 0 0 0])
  ("gzip" .
   [1 0 0 0])
  ("as" .
   [1 0])
  ("except" .
   [0 0 1 0 0 0])
  ("try" .
   [1 0 0])
  ("image" .
   [1 0 0 0 0])
  ("_filter_image" .
   [0 0 0 0 0 0 0 1 0 0 0 0 0])
  ("http_head" .
   [0 0 0 0 0 1 1 0 0])
  ("o" .
   [6])
  ("c" .
   [1])
  ("break" .
   [1 0 0 0 0])
  ("full_data" .
   [1 0 0 0 1 0 0 1 0])
  ("chunked_size_begin" .
   [0 0 0 0 0 0 0 0 0 0 1 0 0 0 1 2 0 0])
  ("16" .
   [1 0])
  ("int" .
   [1 0 0])
  ("format" .
   [1 0 0 0 0 0])
  ("assert" .
   [7 0 0 1 0 0])
  ("n" .
   [6])
  ("chunked_size_end" .
   [2 0 0 0 0 0 0 0 2 2 0 0 0 0 1 0])
  ("chunked_size" .
   [3 0 0 0 2 0 0 0 0 0 1 0])
  ("chunked" .
   [2 0 3 0 0 0 0])
  ("while" .
   [1 0 0 0 0])
  ("body_pos" .
   [1 0 0 0 0 1 0 0])
  ("out" .
   [1 0 0])
  ("1000" .
   [3 0 0 0])
  ("8192" .
   [1 0 0 0])
  ("recv" .
   [1 0 0 0])
  ("soc" .
   [4 0 0])
  ("ndata" .
   [0 0 1 0 0])
  ("pos" .
   [5 0 0])
  ("i" .
   [2])
  ("_gzip_response" .
   [0 0 0 0 0 0 1 0 0 0 0 0 0 0])
  ("data" .
   [30 0 0 0])
  ("fr" .
   [1 0])
  ("python" .
   [1 0 0 0 0 0])
  ("result" .
   [1 0 0 0 0 0])
  ("9" .
   [1])
  ("delegation" .
   [1 0 0 0 0 0 0 0 0 0])
  ("_bc" .
   [1 0 0])
  ("_" .
   [5])
  ("_service" .
   [0 0 0 0 0 1 0 0])
  ("timeout" .
   [2 0 0 0 0 2 0])
  ("id" .
   [1 0])
  ("cancel" .
   [0 0 0 0 0 1])
  ("sub" .
   [1 0 0])
  ("decode" .
   [1 0 0 0 0 0])
  ("utf8" .
   [1 0 0 0])
  ("encode" .
   [1 0 0 0 0 0])
  ("groups" .
   [1 0 0 0 0 0])
  ("msg" .
   [4 0 0])
  ("R" .
   [1])
  ("error" .
   [4 0 0 0 0])
  ("debug" .
   [2 0 0 0 0])
  ("logger" .
   [1 0 0 0 1 0])
  ("find" .
   [11 0 0 0])
  ("False" .
   [1 0 1 0 0])
  ("True" .
   [3 0 0 0])
  ("body" .
   [27 0 0 0])
  ("Unknow" .
   [1 0 0 0 0 0])
  ("r" .
   [23])
  ("302" .
   [1 0 0])
  ("200" .
   [1 0 0])
  ("status" .
   [6 0 0 0 1 0])
  ("btcchina_buy" .
   [0 0 0 0 0 0 0 0 0 0 1 0])
  ("hb_buy" .
   [0 0 0 0 0 1])
  ("hb" .
   [1 0])
  ("BtcchinaService" .
   [0 0 0 0 0 0 0 0 0 1 0 0 0 0 0])
  ("return" .
   [15 0 0 0 0 0])
  ("elif" .
   [1 0 0 0])
  ("run_action" .
   [0 0 0 0 0 0 1 0 0 0])
  ("argv" .
   [7 0 0 0])
  ("sys" .
   [11 0 0])
  ("get_service" .
   [0 0 0 0 0 0 0 0 0 1 0])
  ("service" .
   [11 0 0 0 1 2 0])
  ("price" .
   [3 0 0 0 1])
  ("btc" .
   [7 0 0])
  ("servicename" .
   [1 0 0 0 0 0 0 1 2 0 0])
  ("sell" .
   [12 0 0 0])
  ("or" .
   [1 0])
  ("buy" .
   [5 0 0])
  ("action" .
   [7 0 1 0 0 0])
  ("dev" .
   [2 0 0])
  ("outland_dev" .
   [1 0 0 0 0 0 0 0 0 0 0])
  ("preview" .
   [0 0 0 0 1 1 0])
  ("if" .
   [18 0])
  ("wap_play" .
   [0 0 2 2 0 1 0 0])
  ("create_time" .
   [1 0 0 0 0 0 0 0 0 0 0])
  ("../data/wap_online_travel_api.log" .
   [1 0 0 0 0 0 0 0 0 0 0 0 0 0 0 0 0 0 0 0 0 0 0 0 0 0 0 0 0 0 0 0 0])
  ("list" .
   [1 0 0 0])
  ("first" .
   [0 0 0 1 0])
  ("lrdd" .
   [1 0 0 0])
  ("in" .
   [2 0])
  ("filter" .
   [2 0 0 0 0 0])
  ("fields_rdd" .
   [0 0 0 0 0 1 0 0 1 0])
  ("add" .
   [0 0 1])
  ("from" .
   [2 0 0 0])
  ("SparkContext" .
   [1 0 0 0 0 0 0 0 0 0 0 0])
  ("re" .
   [4 0])
  ("x" .
   [3])
  ("lambda" .
   [0 0 0 2 0 0])
  ("reduce" .
   [0 0 0 0 0 1])
  ("getattr" .
   [0 0 1 0 0 0 0])
  ("GNU" .
   [0 2 0])
  ("requests" .
   [3 0 0 1 0 1 0 0])
  ("check_number" .
   [0 0 0 0 0 1 0 0 0 0 0 0])
  ("CHECK_NUMBER" .
   [1 0 2 0 0 1 0 0 0 0 0 0])
  ("real_user_id" .
   [0 0 0 0 2 0 1 0 0 0 0 0])
  ("else" .
   [6 0 0 0])
  ("db" .
   [0 1])
  ("10" .
   [11 0])
  ("s" .
   [12])
  ("setq" .
   [1 0 0 0])
  ("mysql" .
   [0 0 0 1 0])
  ("cl-seq" .
   [0 0 1 0 0 0])
  ("clone-buffer" .
   [0 0 0 1 0 0 0 0 0 0 0 0])
  ("t" .
   [5])
  ("time-since" .
   [0 0 0 2 0 0 0 0 0 0])
  ("cmp" .
   [0 1 0])
  ("class" .
   [3 0 2 0 0])
  ("time" .
   [7 0 2 0])
  ("import" .
   [4 0 1 1 0 0])
  ("print" .
   [17 0 0 1 0])
  ("a" .
   [4])
  ("abs" .
   [0 1 0])
  ("defun" .
   [1 0 0 0 0])
  ("load" .
   [1 0 0 0])
  ("ecb" .
   [1 0 0])
  ("load-ecb" .
   [0 0 0 0 0 0 1 0])
  ("load-cedet" .
   [0 0 0 0 0 0 0 0 1 0])
  ("1" .
   [14])
  ("2" .
   [2])
  ("3" .
   [2])
  ("4" .
   [11])
  ("help" .
   [0 1 0 0])
  ("0" .
   [31])
  ("5" .
   [6])
  ("text" .
   [0 0 0 1])
  ("post" .
   [1 0 0 0])
  ("project" .
   [0 0 0 1 0 0 1])
  ("command" .
   [1 0 0 0 1 0 0])
  ("env" .
   [1 0 0])
  ("define" .
   [0 0 0 0 0 1])
  ("QC_OS_NAME_DARWIN" .
   [0 0 0 0 0 1 0 0 0 0 0 0 0 0 0 0 0])
  ("pass" .
   [10 0 0 0])
  ("run" .
   [1 0 0])
  ("serial_id" .
   [1 0 0 0 0 0 0 0 0])
  ("temp" .
   [1 0 0 0])
  ("get" .
   [1 0 0])
  ("None" .
   [5 0 0 1])
  ("not" .
   [4 0 0])
  ("continue" .
   [0 0 0 0 0 0 1 0])
  ("write_db" .
   [0 0 0 0 0 1 0 1])
  ("limit" .
   [1 0 0 0 1])
  ("lt" .
   [1 0])
  ("time_str" .
   [0 0 0 0 0 0 1 0])
  ("def" .
   [14 0 0])
  ("tm" .
   [4 0])
  ("__init__" .
   [2 0 0 0 0 0 0 0])
  ("self" .
   [24 0 0 0])
  ("object" .
   [0 0 0 1 0 0])
  ("bid" .
   [1 0 0])
  ("fh" .
   [1 0])
  ("m" .
   [1])
  ("f" .
   [1])
  ("ifmain" .
   [0 0 0 1 0 0])
  ("TransactionMachine" .
   [1 0 3 0 0 0 0 0 0 0 0 0 0 0 0 0 0 0])
  ("out_market_depth" .
   [0 0 0 0 1 0 0 0 0 0 0 0 0 0 0 0])
  ("out_transactions" .
   [0 0 0 1 0 0 0 0 0 0 0 0 0 0 0 0])
  ("access_key" .
   [0 0 0 0 0 0 0 1 0 0])
  ("sellOrder" .
   [1 0 0 0 0 0 0 0 0])
  ("BH" .
   [1 0])
  ("S" .
   [3])
  ("and" .
   [1 0 0])
  ("monitor_handler" .
   [0 0 0 0 0 1 0 0 0 1 0 0 0 0 0])
  ("sys_monitor_handler" .
   [0 0 0 0 0 1 0 0 0 0 0 0 0 0 0 0 0 0 0])
  ("bt_monitor_handler" .
   [0 0 0 1 0 0 0 0 0 0 0 0 0 0 0 0 0 0])
  ("2013-12-21" .
   [0 0 0 0 0 1 0 0 0 0])))
